--------------------------------------------------------------------------------
Data:30/05/2024                  Relatório de Produtos                   Pág.: 1
09:49:08
--------------------------------------------------------------------------------
    ID DESCRIÇÃO                     QTDE PREÇO CUSTO PREÇO VAREJO PREÇO ATACADO
--------------------------------------------------------------------------------
     2 Celular Samsung A25             14      710,00       760,00        740,00
     3 Borracha                        27        3,00         5,00          4,00
     4 Celular Edge 50                 20      653,55       753,53        710,25
     5 Caneta Azul                     37       10,00         3,00          2,00
     7 Placa Mãe Gigabyte B450         17      288,55       355,50        335,00
     8 Fone Blutooth                   10       23,30        33,50         30,50
     9 Produto Teste                    2        1,00         3,00          2,00
    10 Placa Mãe Asus                  22      370,33       415,25        403,40
    11 Pendrive 32GB                    0       25,00        35,00         30,00
    12 Mouse 3 botões                   0        6,00        14,00         10,00
    13 SSD 1GB                         10       35,00        45,00         40,00
    14 Monitor 24 Polegadas             5      650,00       730,00        700,00
    15 Apontador                       27        5,00         8,00          7,00
